#.t	Temp
#d	degC
0	11.0943995943205
1	10.8383538011696
2	11.543128103277
3	12.1472946518668
4	12.4607427184465
5	12.5789475766568
6	12.7145797546013
7	12.7733179012347
8	12.7151467710372
9	12.3097048503612
10	12.238044381492
11	11.9918005725191
12	11.9399195509823
13	11.9305039215687
14	11.9035610724925
15	11.7182940057089
16	11.5976020313942
17	11.650351724138
18	11.5788177655677
19	11.3069468186135
20	11.2657465753425
21	11.3456693147964
22	11.098981688708
23	11.1565607210626
24	11.1719805725971
25	11.1083450570342
26	10.224533234714
27	8.322960649087211
28	9.42581695906434
29	9.785234250764599
30	10.1728854886476
31	10.1710425873465
32	8.76207427716848
33	9.43604274274276
34	10.2132404365904
35	9.45295608308607
36	8.508209176915781
37	8.94688634046893
38	9.45924122807018
39	9.86371661863595
40	10.1676625592417
41	10.201288969918
42	10.2422940057088
43	10.4351113207547
44	10.4689238921002
45	10.3364893617022
46	10.1152479166667
47	10.3971907514451
48	10.5289980750722
49	10.6671528301887
50	10.7275340466926
51	10.6573458574181
52	10.4725795795795
53	10.4594726090993
54	10.3977051643193
55	10.3079966449208
56	9.657382613065289
57	9.873762978283329
58	10.2034039553753
59	10.4849970703125
60	10.6040684931507
61	10.6877714561235
62	10.7156090225564
63	10.8465718475074
64	11.0565268490374
65	11.2892060546875
66	11.5244377510041
67	11.175943452381
68	10.4031023765997
69	10.2814702549575
70	10.3693060817547
71	10.5484433399602
72	10.7834146586345
73	10.855859
74	10.9460229166667
75	11.063047752809
76	11.1774475247525
77	11.25492043222
78	10.7631600377003
79	9.389558840579721
80	9.90980177339905
81	10.222868
82	10.2428847619048
83	10.2703969610637
84	10.4051102803738
85	10.6065816425121
86	10.86435585157
87	10.990342386033
88	11.0259121900826
89	11.0238828365879
90	10.9883996157541
91	11.0018816568047
92	11.0330983772819
93	11.0977702970296
94	11.1633628404668
95	11.2648100616017
96	11.3800200956938
97	11.364309375
98	11.6282801175319
99	11.7517432024168
100	11.1348476953908
101	11.0566401179941
102	11.5509627450981
103	11.9740515995872
104	12.4248772277228
105	12.6527826086957
106	12.7906704428425
107	13.110856716418
108	13.0694168336673
109	12.8116333333334
110	12.8954129158513
111	13.1226403508773
112	13.3327775590551
113	13.5647725072604
114	13.9396797520661
115	13.7729459183674
116	13.1985030120482
117	13.3882262487757
118	13.566547826087
119	13.7473937621832
120	13.9445401869158
121	14.1648027079303
122	14.2846563436564
123	14.5354994797086
124	14.718085106383
125	14.8785292929292
126	15.0293748743719
127	15.2298932038834
128	15.3578157068063
129	15.2493788944723
130	15.1747280163599
131	14.9646339285714
132	14.8485444126074
133	14.9214160079051
134	15.1519796954315
135	14.9025761523046
136	14.0094317269077
137	13.4315809617272
138	14.0329784313726
139	14.581556
140	14.8405478348438
141	14.6795868725869
142	14.5382507433102
143	14.1470173076922
144	14.6001091445428
145	14.6407102983637
146	14.6130378109453
147	15.1231444332998
148	14.9282750965251
149	14.5216886886887
150	14.9882015429122
151	15.3816663366337
152	15.5203627730294
153	15.6469435797665
154	15.7911331389699
155	16.0381584158416
156	16.2878782358581
157	16.5565287588295
158	16.7059348469891
159	16.7262922606925
160	16.686551165147
161	16.8222297794116
162	17.0541998041135
163	17.2045560209424
164	17.1883832997989
165	17.3329034146341
166	17.3692222222222
167	17.4395966697502
168	17.7710100603622
169	18.1452374245472
170	18.4308647294589
171	18.376181630547
172	18.3114771825398
173	18.2014970472441
174	18.100457
175	17.9816257425743
176	18.0935624385447
177	17.5204804020101
178	16.9336278625954
179	16.476466796875
180	16.7861928571429
181	17.3417964250248
182	17.7839919678715
183	18.0151183830607
184	18.1536938967136
185	18.2985300601203
186	18.4937938856014
187	18.6814220456802
188	18.7408106448311
189	18.8110569259961
190	18.7239813542689
191	18.7535412322274
192	18.8066825075833
193	18.8813227722773
194	18.9594844533601
195	19.1065976447497
196	19.3028253189402
197	19.4224861821904
198	19.5285521783181
199	19.7154135265701
200	19.8198887775551
201	19.9142917505029
202	20.8303059685039
203	20.6866134969325
204	20.7723984962406
205	20.1255395683453
206	20.8077280701755
207	20.8615960264901
208	21.006677631579
209	20.8541714285714
210	21.0815490196079
211	21.0561188118812
212	21.331180952381
213	21.4538108108108
214	21.4660245398773
215	21.4227055214724
216	21.4368670886076
217	21.4771452513967
218	21.1564129032258
219	20.818575
220	21.0017889908257
221	21.094
222	21.0369470198676
223	20.3351280788177
224	20.3584744525547
225	20.6049761904762
226	20.7255188679245
227	20.5155789473684
228	21.0348309859155
229	20.9901308411215
230	20.8639047619048
231	20.6934844720497
232	20.8942072072072
233	20.9537635135135
234	21.0012241379311
235	21.0402465753425
236	20.8245737704918
237	20.2400558659218
238	20.4967666666667
239	20.7275573770492
240	20.8142735042735
241	20.824282051282
242	20.8156202531646
243	20.6510191082803
244	20.5286220472441
245	20.6161524663677
246	20.7098383233533
247	20.8507272727273
248	21.0434036697248
249	21.0067076923077
250	19.2747881944444
251	18.3699306358382
252	16.8508226299694
253	16.7520247349823
254	17.8800392156863
255	18.4596515151515
256	18.664384057971
257	18.5041714285714
258	18.4608662420382
259	18.344253968254
260	17.7876056338028
261	18.5922773109244
262	18.7874270833333
263	18.9101338582677
264	19.0500748299319
265	19.2150584795322
266	19.3479268292683
267	19.3945447761194
268	19.4410583941606
269	19.2873661971831
270	19.1611917808219
271	18.9610649350649
272	18.8074848484848
273	18.8475636363636
274	18.7634972677596
275	18.6391979695432
276	18.0664237288136
277	17.7890422535211
278	18.13646
279	18.4413333333333
280	18.6678225806452
281	18.734488
282	18.0333913043478
283	17.7163910891089
284	17.1206267605634
285	14.6748302872063
286	14.0445360824742
287	15.22115625
288	15.6982155172414
289	16.1424108527132
290	16.4339545454545
291	16.8390080645161
292	17.2388523489933
293	17.4059090909091
294	17.5629
295	16.9104575471698
296	16.871931372549
297	17.1794297520661
298	17.6188434782609
299	17.6372592592592
300	16.9017979274612
301	16.2920314465409
302	16.6855853658537
303	16.9059937106918
304	17.1098595505618
305	15.2370286532951
306	14.7569938271605
307	14.5853268292683
308	14.2059140625
309	14.3673692307692
310	14.4612835820896
311	14.2682
312	13.9074166666667
313	14.0154764705882
314	13.8033586206896
315	14.0446646706587
316	14.8363961038961
317	15.1163577235772
318	14.0940082644628
319	14.2230573770492
320	14.6441884057971
321	14.9138571428572
322	15.0526666666667
323	15.0715772357724
324	14.9912869565217
325	14.7236354166667
326	14.7846351351351
327	14.8206198347108
328	14.8258666666667
329	14.8348243243243
330	14.898985915493
331	14.9766330275229
332	14.8006146341464
333	13.8103037037037
334	13.6728046875
335	14.0724173913044
336	14.2227457627119
337	14.2831061946903
338	14.2390806451613
339	13.4900558659218
340	12.9790175438596
341	13.1348640776699
342	13.3189369369369
343	13.4539634146342
344	13.7540182926829
345	13.792459770115
346	13.7236461538462
347	13.0561796116505
348	12.49076
349	12.9333984375
350	13.2943565217391
351	13.5188854961832
352	13.2088358974359
353	12.6137768595041
354	12.8427247706422
355	13.0793555555555
356	12.482792
357	12.5223011363636
358	10.906225308642
359	10.8431726618705
360	11.5761893491124
361	10.941295035461
362	10.5515283018868
363	11.3076197183099
364	11.9919066666667
